0.035
0.04
0.33
0.335
0.485
0.49
0.495
0.5
0.505
0.51
0.665
0.67
0.955
0.96
0.98
0.985
0.99
0.995
1.0
1.005
1.005
1.01
1.015
1.03
1.035
1.94
1.945
1.975
1.98
1.985
1.99
1.995
2.0
2.005
2.01
2.015
2.02
2.05
2.055
2.97
2.975
3.01
3.015
3.02
3.485
3.49
3.515
3.52
3.525
3.955
3.96
3.99
3.995
4.0
4.005
4.01
4.02
4.025
4.03
4.035
4.99
4.995
5.985
5.99
6.01
6.015
6.035
6.04
6.97
6.975
6.975
6.98
7.005
7.01
7.035
7.04
7.51
7.515
7.965
7.97
7.99
7.995
8.0
8.005
8.01
8.01
8.015
8.02
8.025
8.03
8.04
8.045
8.5
8.505
8.51
8.51
8.515
8.98
8.985
8.985
8.99
9.0
9.005
9.01
9.01
9.015
9.02
9.02
9.025
9.5
9.505
9.51
9.965
9.97
9.98
9.985
9.985
9.99
10.005
10.01
10.02
10.025
10.965
10.97
10.985
10.99
11.0
11.005
11.035
11.04
11.515
11.52
11.96
11.965
11.995
12.0
12.0
12.005
12.015
12.02
12.035
12.04
12.995
13.0
13.03
13.035
13.51
13.515
13.975
13.98
13.985
13.99
14.01
14.015
14.02
14.05
14.055
14.48
14.485
14.5
14.505
14.97
14.975
15.0
15.005
15.01
15.01
15.015
15.325
15.33
15.5
15.505
15.51
15.655
15.66
15.66
15.665
15.955
15.96
15.99
15.995
16.0
16.02
16.025
16.03
16.035
16.04
16.045
16.065
16.07
16.525
16.53
16.955
16.96
16.99
16.995
17.005
17.01
17.01
17.015
17.02
17.025
17.03
17.06
17.065
17.51
17.515
17.52
17.525
17.53
17.535
17.54
17.97
17.975
17.985
17.99
18.005
18.01
18.01
18.015
18.02
18.025
18.025
18.03
18.035
18.04
18.045
18.05
18.51
18.515
18.52
18.525
18.975
18.98
19.005
19.01
19.01
19.015
19.02
19.03
19.035
20.0
20.005
20.01
20.015
20.02
20.66
20.665
20.67
20.985
20.99
20.995
21.0
21.005
21.01
21.01
21.015
21.09
21.095
21.325
21.33
21.33
21.335
21.34
21.505
21.51
21.51
21.515
21.66
21.665
21.67
21.98
21.985
21.995
22.0
22.005
22.01
22.01
22.015
22.02
22.03
22.035
22.485
22.49
22.49
22.495
22.5
22.51
22.515
22.98
22.985
22.99
22.99
22.995
23.0
23.025
23.03
23.035
23.48
23.485
23.49
23.49
23.495
23.5
23.515
23.52
23.985
23.99
23.99
23.995
24.0
24.005
24.015
24.02
24.04
24.045
24.06
24.065
24.485
24.49
24.54
24.545
24.545
24.55
24.98
24.985
24.99
24.995
25.0
25.01
25.015
25.03
25.035
25.04
25.045
25.045
25.05
25.51
25.515
25.94
25.945
25.975
25.98
26.0
26.005
26.015
26.02
26.05
26.055
26.67
26.675
26.97
26.975
26.99
26.995
27.0
27.005
27.01
27.01
27.015
27.02
27.025
27.03
27.035
27.045
27.05
27.335
27.34
27.345
27.67
27.675
27.955
27.96
27.99
27.995
28.0
28.03
28.035
28.065
28.07
28.51
28.515
28.95
28.955
28.99
28.995
29.0
29.01
29.015
29.02
29.025
29.025
29.03
29.52
29.525
29.935
29.94
29.97
29.975
29.985
29.99
30.01
30.015
30.02
30.025
30.045
30.05
30.995
31.0
31.005
31.04
31.045
31.075
31.08
31.485
31.49
31.49
31.495
31.5
31.505
31.51
31.51
31.515
31.525
31.53
31.99
31.995
32.0
32.005
32.01
32.01
32.015
32.025
32.03
32.04
32.045
32.05
32.05
32.055
32.06
32.065
32.485
32.49
32.495
32.495
32.5
32.505
32.51
32.51
32.515
32.52
32.525
32.99
32.995
32.995
33.0
33.005
33.01
33.02
33.025
33.05
33.055
33.06
33.95
33.955
33.98
33.985
34.005
34.01
34.02
34.025
34.05
34.055
34.06
34.065
34.07
34.51
34.515
35.0
35.005
35.015
35.02
35.035
35.04
35.065
35.07
35.075
35.995
36.0
36.005
36.02
36.025
36.035
36.04
36.045
36.05
36.07
36.075
36.525
36.53
37.015
37.02
37.025
37.045
37.05
37.975
37.98
38.01
38.015
38.02
38.97
38.975
38.995
39.0
39.01
39.015
39.02
39.025
39.04
39.045
39.955
39.96
39.99
39.995
39.995
40.0
40.005
40.01
40.01
40.015
40.03
40.035
40.065
40.07
40.5
40.505
40.51
40.51
40.515
40.52
40.995
41.0
41.005
41.01
41.01
41.015
41.02
41.025
41.03
41.06
41.065
41.495
41.5
41.505
41.51
41.51
41.515
41.52
41.525
41.53
41.535
41.54
41.97
41.975
42.01
42.015
42.02
42.045
42.05
42.965
42.97
43.005
43.01
43.01
43.015
43.03
43.035
43.04
43.045
43.515
43.52
43.53
43.535
43.95
43.955
43.985
43.99
43.995
44.0
44.005
44.015
44.02
44.025
44.025
44.03
44.035
44.04
44.06
44.065
45.0
45.005
45.02
45.025
45.025
45.03
45.055
45.06
45.5
45.505
45.51
45.515
45.985
45.99
45.995
46.0
46.005
46.01
46.01
46.015
46.02
46.025
46.04
46.045
46.05
46.055
46.97
46.975
46.98
47.0
47.005
47.01
47.03
47.035
47.04
47.535
47.54
47.965
47.97
47.995
48.0
48.0
48.005
48.02
48.025
48.025
48.03
48.035
48.04
48.08
48.085
48.09
48.525
48.53
49.0
49.005
49.025
49.03
49.05
49.055
49.08
49.085
49.09
49.095
49.515
49.52
49.975
49.98
50.025
50.03
50.035
50.04
50.045
50.05
50.055
50.085
50.09
50.095
51.01
51.015
51.025
51.03
51.035
51.99
51.995
52.02
52.025
52.025
52.03
52.065
52.07
53.01
53.015
53.025
53.03
53.045
53.05
53.06
53.065
53.97
53.975
53.995
54.0
54.01
54.015
54.045
54.05
54.965
54.97
55.005
55.01
55.035
55.04
55.04
55.045
55.075
55.08
55.515
55.52
55.985
55.99
56.015
56.02
56.025
56.025
56.03
56.035
56.04
56.04
56.045
56.06
56.065
56.54
56.545
56.98
56.985
56.985
56.99
57.01
57.015
57.02
57.025
57.035
57.04
57.04
57.045
57.055
57.06
57.51
57.515
57.53
57.535
57.965
57.97
57.98
57.985
58.005
58.01
58.015
58.02
58.025
58.03
58.035
58.04
58.045
58.05
58.96
58.965
59.0
59.005
59.035
59.04
59.07
59.075
59.995
60.0
60.02
60.025
60.03
60.035
60.04
60.055
60.06
60.065
60.505
60.51
61.015
61.02
61.025
61.03
61.05
61.055
61.945
61.95
61.975
61.98
62.015
62.02
62.985
62.99
62.995
63.0
63.0
63.005
63.01
63.03
63.035
63.495
63.5
63.98
63.985
63.985
63.99
63.995
64.0
64.005
64.01
64.01
64.015
64.025
64.03
64.035
64.04
64.045
64.05
64.055
64.06
64.065
64.095
64.1
64.495
64.5
64.52
64.525
64.985
64.99
64.995
64.995
65.0
65.005
65.01
65.02
65.025
65.04
65.045
65.05
65.08
65.085
65.52
65.525
65.545
65.55
66.01
66.015
66.02
66.025
66.11
66.115
66.99
66.995
67.005
67.01
67.015
67.02
67.04
67.045
67.06
67.065
67.075
67.08
67.095
67.1
67.515
67.52
67.985
67.99
68.025
68.03
68.06
68.065
69.015
69.02
69.025
69.055
69.06
69.09
69.095
69.965
69.97
70.005
70.01
70.015
70.02
70.025
70.03
70.035
70.04
70.04
70.045
70.05
70.055
70.075
70.08
71.0
71.005
71.035
71.04
71.07
71.075
71.98
71.985
71.995
72.0
72.02
72.025
72.03
72.035
72.04
72.04
72.045
72.055
72.06
72.975
72.98
73.015
73.02
73.03
73.035
73.05
73.055
73.515
73.52
73.53
73.535
73.98
73.985
74.0
74.005
74.015
74.02
74.035
74.04
74.045
74.05
74.965
74.97
75.015
75.02
75.03
75.035
75.04
75.045
75.065
75.07
75.51
75.515
75.52
75.96
75.965
75.99
75.995
76.03
76.035
77.025
77.03
77.045
77.05
77.97
77.975
78.01
78.015
78.04
78.045
78.05
79.005
79.01
79.025
79.03
79.035
79.04
79.045
79.06
79.065
79.095
79.1
79.985
79.99
80.02
80.025
80.025
80.03
80.06
80.065
80.52
80.525
80.525
80.53
81.02
81.025
81.025
81.03
81.035
81.04
81.045
81.055
81.06
81.085
81.09
81.53
81.535
82.005
82.01
82.01
82.015
82.02
82.025
82.025
82.03
82.035
82.04
82.04
82.045
82.05
82.065
82.07
82.105
82.11
82.52
82.525
83.0
83.005
83.01
83.015
83.03
83.035
83.04
83.04
83.045
83.065
83.07
83.07
83.075
84.01
84.015
84.02
84.025
84.03
84.035
84.04
84.04
84.045
84.055
84.06
84.07
84.075
84.085
84.09
85.015
85.02
85.05
85.055
85.085
85.09
85.095
86.0
86.005
86.01
86.01
86.015
86.025
86.03
86.035
86.04
86.045
86.05
86.055
86.07
86.075
86.09
86.095
86.995
87.0
87.03
87.035
87.065
87.07
87.075
87.08
87.51
87.515
87.52
87.96
87.965
87.99
87.995
88.03
88.035
88.04
88.045
88.06
88.065
88.535
88.54
88.54
88.545
89.04
89.045
89.05
89.08
89.085
89.51
89.515
89.54
89.545
89.975
89.98
90.01
90.015
90.04
90.045
90.05
91.005
91.01
91.02
91.025
91.025
91.03
91.99
91.995
92.025
92.03
93.02
93.025
93.04
93.045
93.055
93.06
93.075
93.08
95.035
95.04
95.055
95.06
95.07
95.075
95.08
96.01
96.015
96.02
96.025
96.025
96.03
96.045
96.05
96.055
96.055
96.06
96.065
96.07
96.075
96.08
96.515
96.52
96.525
96.525
96.53
97.01
97.015
97.02
97.05
97.055
97.085
97.09
97.995
98.0
98.005
98.01
98.015
98.02
98.045
98.05
98.055
98.055
98.06
98.065
98.07
98.08
98.085
99.03
99.035
99.06
99.065
99.07
100.015
100.02
100.025
100.03
100.035
100.04
100.04
100.045
100.05
100.055
100.07
100.075
101.01
101.015
101.045
101.05
101.07
101.075
101.975
101.98
102.04
102.045
102.05
102.055
102.055
102.06
102.115
102.12
103.025
103.03
103.06
103.065
103.07
103.075
103.095
103.1
103.1
103.105
104.035
104.04
104.05
104.055
104.055
104.06
104.065
105.02
105.025
105.04
105.045
105.055
105.06
105.065
105.07
105.53
105.535
106.04
106.045
106.105
106.11
107.035
107.04
107.055
107.06
108.05
108.055
109.045
109.05
109.055
110.01
110.015
110.025
110.03
110.035
110.04
110.045
110.05
110.07
110.075
110.08
110.085
110.095
110.1
111.025
111.03
111.035
111.065
111.07
111.07
111.075
111.08
112.015
112.02
112.025
112.025
112.03
112.035
112.04
112.06
112.065
112.075
112.08
112.085
112.085
112.09
112.1
112.105
113.01
113.015
113.035
113.04
113.04
113.045
113.05
113.08
113.085
113.085
113.09
113.53
113.535
114.005
114.01
114.02
114.025
114.04
114.045
114.06
114.065
114.07
114.075
114.08
114.085
114.085
114.09
114.095
115.025
115.03
115.04
115.045
115.05
115.055
115.06
115.065
115.07
115.075
115.085
115.09
115.955
115.96
116.015
116.02
116.025
116.03
116.035
116.055
116.06
116.065
116.07
116.07
116.075
116.09
116.095
116.1
117.04
117.045
117.065
117.07
117.075
117.08
117.09
117.095
117.1
117.1
117.105
118.04
118.045
118.07
118.075
118.08
118.085
119.045
119.05
119.055
119.06
119.07
119.075
119.08
119.085
120.045
120.05
120.055
120.055
120.06
120.08
120.085
120.12
120.125
121.015
121.02
121.025
121.06
121.065
121.08
121.085
122.02
122.025
122.045
122.05
122.07
122.075
123.03
123.035
123.065
123.07
124.025
124.03
124.035
124.04
124.05
124.055
124.11
124.115
125.01
125.015
125.045
125.05
125.08
125.085
125.105
125.11
126.04
126.045
126.05
126.055
126.055
126.06
126.075
126.08
127.025
127.03
127.05
127.055
127.055
127.06
127.065
127.085
127.09
127.095
127.1
127.995
128.0
128.035
128.04
128.045
128.055
128.06
128.065
128.07
128.08
128.085
128.09
128.095
128.1
128.105
128.11
129.02
129.025
129.04
129.045
129.055
129.06
129.065
129.07
129.075
129.08
129.08
129.085
129.09
129.095
129.1
129.105
129.11
129.97
129.975
130.0
130.005
130.03
130.035
130.04
130.045
130.045
130.05
130.055
130.065
130.07
130.075
130.08
130.085
130.09
130.095
130.1
130.105
130.11
130.11
130.115
131.035
131.04
131.045
131.065
131.07
131.075
131.08
131.085
131.09
131.095
131.1
131.105
131.11
131.11
131.115
131.12
132.04
132.045
132.05
132.055
132.075
132.08
132.08
132.085
132.09
132.095
132.1
132.105
132.98
132.985
133.035
133.04
133.045
133.05
133.055
133.06
133.065
134.03
134.035
134.065
134.07
135.03
135.035
135.04
135.065
135.07
136.035
136.04
136.055
136.06
136.065
136.07
136.075
136.08
136.085
136.09
136.115
136.12
137.05
137.055
137.06
137.075
137.08
137.085
138.035
138.04
138.045
138.05
138.055
138.06
138.065
138.07
138.09
138.095
139.025
139.03
139.055
139.06
139.065
139.095
139.1
140.055
140.06
140.07
140.075
140.075
140.08
140.085
140.09
140.095
141.04
141.045
141.065
141.07
141.075
141.075
141.08
141.1
141.105
142.015
142.02
142.035
142.04
142.06
142.065
142.07
142.075
142.08
142.085
142.09
142.105
142.11
142.11
142.115
142.12
142.125
143.0
143.005
143.02
143.025
143.05
143.055
143.06
143.065
143.07
143.075
143.08
143.085
143.09
143.095
143.115
143.12
144.015
144.02
144.05
144.055
144.065
144.07
144.075
144.08
144.085
144.09
144.12
144.125
145.035
145.04
145.05
145.055
145.06
145.065
145.07
145.075
145.08
145.085
145.09
145.095
145.1
145.105
145.12
145.125
146.025
146.03
146.035
146.04
146.06
146.065
146.07
146.075
146.08
146.085
146.09
146.095
146.1
146.105
146.11
146.135
146.14
147.025
147.03
147.035
147.04
147.045
147.05
147.055
147.06
147.065
147.07
147.075
147.075
147.08
147.1
147.105
147.11
147.11
147.115
147.98
147.985
148.035
148.04
148.045
148.05
148.055
148.06
148.065
148.07
148.075
148.115
148.12
148.125
148.15
148.155
150.025
150.03
150.05
150.055
150.06
150.065
150.07
150.075
150.08
150.13
150.135
151.025
151.03
151.035
151.06
151.065
152.03
152.035
152.055
152.06
152.065
152.08
152.085
152.09
152.095
152.105
152.11
153.04
153.045
153.065
153.07
153.075
153.08
153.1
153.105
154.035
154.04
154.045
154.05
154.055
154.07
154.075
154.095
154.1
154.11
154.115
155.045
155.05
155.055
155.06
155.065
155.07
155.08
155.085
155.09
155.095
155.115
155.12
156.05
156.055
156.075
156.08
156.085
156.09
156.095
156.1
156.105
156.11
156.115
156.125
156.13
157.035
157.04
157.05
157.055
157.06
157.065
157.07
157.075
157.08
157.085
157.09
157.095
157.1
157.105
157.11
157.13
157.135
158.03
158.035
158.04
158.045
158.06
158.065
158.07
158.08
158.085
158.09
158.095
158.1
158.105
158.11
158.135
158.14
159.025
159.03
159.075
159.08
159.085
159.09
159.095
159.1
159.105
159.11
159.115
159.135
159.14
160.03
160.035
160.075
160.08
160.085
160.09
160.095
160.1
160.115
160.12
160.125
161.03
161.035
161.045
161.05
161.055
161.07
161.075
161.08
161.085
161.09
161.095
162.05
162.055
162.06
162.065
162.09
162.095
162.1
162.105
162.165
162.17
162.17
162.175
163.06
163.065
163.07
163.125
163.13
164.06
164.065
164.07
164.075
164.08
164.085
164.09
164.095
164.1
164.11
164.115
164.12
165.04
165.045
165.045
165.05
165.065
165.07
165.075
165.08
165.095
165.1
165.105
165.115
165.12
166.045
166.05
166.055
166.06
166.065
166.07
166.075
166.08
166.085
166.09
166.105
166.11
166.11
166.115
167.045
167.05
167.08
167.085
167.09
167.095
167.115
167.12
168.05
168.055
168.075
168.08
168.085
168.09
168.095
169.035
169.04
169.05
169.055
169.06
169.065
169.07
169.075
169.095
169.1
169.105
169.13
169.135
170.04
170.045
170.06
170.065
170.09
170.095
170.1
170.105
170.11
170.115
170.12
170.135
170.14
171.05
171.055
171.06
171.065
171.075
171.08
171.085
171.09
171.1
171.105
171.11
171.11
171.115
171.145
171.15
172.045
172.05
172.06
172.065
172.07
172.075
172.08
172.085
172.09
172.105
172.11
172.115
172.12
172.125
172.15
172.155
173.055
173.06
173.09
173.095
173.115
173.12
173.125
173.13
174.06
174.065
174.085
174.09
174.095
174.1
174.105
174.11
174.11
174.115
174.13
174.135
175.025
175.03
175.035
175.06
175.065
175.07
175.075
175.085
175.09
175.095
175.1
175.105
175.11
175.11
175.115
175.12
176.035
176.04
176.075
176.08
176.085
176.09
176.095
176.105
176.11
176.115
176.12
176.125
177.065
177.07
177.075
177.08
177.085
177.09
177.1
177.105
177.11
177.115
177.14
177.145
178.02
178.025
178.04
178.045
178.05
178.055
178.06
178.065
178.08
178.085
178.09
178.105
178.11
178.125
178.13
178.135
178.2
178.205
178.22
178.225
179.02
179.025
179.03
179.09
179.095
180.025
180.03
180.05
180.055
180.075
180.08
180.085
180.09
180.1
180.105
181.07
181.075
181.095
181.1
181.105
181.11
182.04
182.045
182.065
182.07
182.09
182.095
182.1
182.105
182.11
182.125
182.13
183.05
183.055
183.075
183.08
183.085
183.09
183.095
183.1
183.11
183.115
183.12
183.145
183.15
184.045
184.05
184.07
184.075
184.08
184.085
184.095
184.1
184.115
184.12
184.125
184.15
184.155
184.16
185.055
185.06
185.065
185.075
185.08
185.085
185.09
185.095
185.1
185.105
185.11
185.115
185.12
185.125
185.13
185.16
185.165
185.17
186.06
186.065
186.075
186.08
186.085
186.09
186.095
186.1
186.105
186.12
186.125
186.13
186.135
186.14
186.165
186.17
187.06
187.065
187.07
187.075
187.08
187.085
187.09
187.095
187.1
187.105
187.11
187.125
187.13
187.135
187.14
187.145
188.035
188.04
188.07
188.075
188.075
188.08
188.09
188.095
188.1
188.105
188.11
188.115
188.12
188.125
188.13
188.135
188.14
188.145
188.15
188.155
189.065
189.07
189.075
189.08
189.085
189.09
189.1
189.105
189.11
189.115
190.06
190.065
190.07
190.075
190.085
190.09
190.095
190.1
191.055
191.06
191.08
191.085
191.09
191.115
191.12
191.125
191.13
192.035
192.04
192.055
192.06
192.075
192.08
192.1
192.105
192.11
192.115
192.12
192.125
192.13
193.035
193.04
193.045
193.055
193.06
193.065
193.07
193.075
193.095
193.1
193.105
193.11
194.04
194.045
194.08
194.085
194.1
194.105
194.14
194.145
195.075
195.08
195.085
195.09
195.11
195.115
195.125
195.13
195.19
195.195
196.045
196.05
196.055
196.06
196.065
196.08
196.085
196.09
196.095
196.14
196.145
197.09
197.095
197.1
197.105
197.125
197.13
197.16
197.165
197.17
198.06
198.065
198.095
198.1
198.105
198.12
198.125
198.13
198.135
198.14
198.17
198.175
199.055
199.06
199.07
199.075
199.075
199.08
199.095
199.1
199.105
199.11
199.115
199.13
199.135
199.14
199.145
199.175
199.18
199.185
200.035
200.04
200.045
200.075
200.08
200.085
200.095
200.1
200.105
200.11
200.115
200.12
200.135
200.14
200.14
200.145
200.15
200.18
200.185
201.065
201.07
201.075
201.075
201.08
201.085
201.09
201.095
201.1
201.105
201.105
201.11
201.115
201.12
201.125
201.14
201.145
201.15
202.05
202.055
202.06
202.075
202.08
202.085
202.09
202.095
202.1
202.105
202.11
202.115
202.12
202.125
202.13
202.135
203.065
203.07
203.08
203.085
203.09
203.095
203.1
203.105
203.105
203.11
203.115
203.12
203.125
203.13
204.055
204.06
204.075
204.08
204.085
204.09
204.095
204.105
204.11
204.115
204.12
204.125
204.13
204.135
205.06
205.065
205.095
205.1
205.105
205.135
205.14
206.09
206.095
206.1
206.105
206.105
206.11
206.125
206.13
207.075
207.08
207.085
207.09
207.1
207.105
207.11
207.115
207.12
207.125
208.07
208.075
208.08
208.085
208.095
208.1
208.105
208.11
208.115
208.12
208.14
208.145
208.155
208.16
209.055
209.06
209.09
209.095
209.1
209.105
209.125
209.13
209.135
209.14
209.14
209.145
210.065
210.07
210.095
210.1
210.105
210.105
210.11
210.12
210.125
210.135
210.14
210.14
210.145
211.065
211.07
211.08
211.085
211.105
211.11
211.115
211.12
211.135
211.14
211.14
211.145
212.04
212.045
212.065
212.07
212.1
212.105
212.115
212.12
212.135
212.14
212.145
212.15
212.155
213.03
213.035
213.07
213.075
213.085
213.09
213.1
213.105
213.105
213.11
213.115
213.12
213.125
213.13
213.135
213.14
213.145
213.15
213.155
213.16
213.165
214.05
214.055
214.06
214.08
214.085
214.09
214.095
214.1
214.115
214.12
214.13
214.135
214.15
214.155
214.16
214.165
214.19
214.195
215.07
215.075
215.085
215.09
215.095
215.1
215.105
215.11
215.115
215.12
215.125
215.13
215.135
215.14
215.155
215.16
216.07
216.075
216.085
216.09
216.095
216.1
216.105
216.11
216.115
216.13
216.135
216.14
216.145
216.155
216.16
217.06
217.065
217.075
217.08
217.085
217.095
217.1
217.105
217.105
217.11
217.115
217.12
217.13
217.135
217.14
217.14
217.145
218.045
218.05
218.055
218.06
218.07
218.075
218.08
218.085
218.09
218.1
218.105
218.105
218.11
218.125
218.13
218.135
218.14
218.14
218.145
218.15
218.155
219.075
219.08
219.085
219.11
219.115
219.12
219.13
219.135
219.145
219.15
219.155
220.07
220.075
220.08
220.085
220.105
220.11
220.15
220.155
220.62
220.625
221.055
221.06
221.09
221.095
221.1
221.105
221.125
221.13
221.135
221.14
222.065
222.07
222.085
222.09
222.095
222.1
222.12
222.125
222.13
222.135
223.07
223.075
223.105
223.11
223.13
223.135
223.15
223.155
223.16
224.025
224.03
224.075
224.08
224.1
224.105
224.11
224.115
224.12
224.135
224.14
224.155
224.16
224.175
224.18
225.07
225.075
225.075
225.08
225.09
225.095
225.1
225.11
225.115
225.12
225.125
225.145
225.15
225.155
225.16
225.165
225.17
225.17
225.175
226.055
226.06
226.08
226.085
226.09
226.095
226.1
226.105
226.115
226.12
226.125
226.13
226.135
226.155
226.16
226.165
226.17
227.06
227.065
227.07
227.09
227.095
227.1
227.105
227.105
227.11
227.115
227.12
227.125
227.13
227.135
227.14
227.15
227.155
227.16
227.165
227.17
227.175
227.18
228.06
228.065
228.07
228.075
228.085
228.09
228.095
228.1
228.105
228.11
228.115
228.125
228.13
228.135
228.14
228.145
228.15
228.17
228.175
228.18
229.06
229.065
229.07
229.09
229.095
229.1
229.105
229.105
229.11
229.115
229.12
229.125
229.13
229.135
229.14
229.15
229.155
229.175
229.18
230.05
230.055
230.06
230.075
230.08
230.085
230.09
230.095
230.1
230.11
230.115
230.12
230.125
230.13
230.135
230.14
230.145
230.15
230.155
230.16
230.165
231.06
231.065
231.075
231.08
231.085
231.095
231.1
231.11
231.115
231.12
231.125
231.13
231.135
231.145
231.15
231.155
231.16
232.07
232.075
232.075
232.08
232.085
232.09
232.095
232.1
232.105
232.105
232.11
232.115
232.12
232.135
232.14
232.14
232.145
233.09
233.095
233.1
233.105
233.125
233.13
233.135
233.14
233.14
233.145
233.15
233.16
233.165
233.17
234.065
234.07
234.09
234.095
234.1
234.105
234.12
234.125
234.13
234.135
234.14
234.14
234.145
234.15
234.165
234.17
235.07
235.075
235.075
235.08
235.085
235.1
235.105
235.105
235.11
235.115
235.12
235.125
235.13
235.14
235.145
235.15
235.155
236.075
236.08
236.11
236.115
236.12
236.125
236.13
236.145
236.15
237.095
237.1
237.12
237.125
237.13
237.135
237.14
238.115
238.12
238.125
238.13
238.135
238.14
239.09
239.095
239.11
239.115
239.125
239.13
239.15
239.155
239.175
239.18
240.07
240.075
240.075
240.08
240.095
240.1
240.11
240.115
240.12
240.13
240.135
240.14
240.14
240.145
240.15
240.17
240.175
241.075
241.08
241.085
241.095
241.1
241.105
241.11
241.115
241.12
241.125
241.13
241.135
241.14
241.14
241.145
241.15
241.155
241.175
241.18
242.08
242.085
242.1
242.105
242.11
242.115
242.125
242.13
242.135
242.14
242.14
242.145
242.15
242.155
242.185
242.19
243.075
243.08
243.085
243.09
243.1
243.105
243.105
243.11
243.115
243.12
243.125
243.13
243.135
243.14
243.145
243.15
243.155
243.16
243.185
243.19
243.195
244.065
244.07
244.08
244.085
244.09
244.095
244.1
244.105
244.105
244.11
244.115
244.12
244.125
244.13
244.135
244.14
244.14
244.145
244.15
244.155
244.16
244.165
244.17
244.175
244.18
245.055
245.06
245.075
245.08
245.09
245.095
245.1
245.11
245.115
245.12
245.125
245.13
245.135
245.14
245.145
245.15
245.16
245.165
245.17
245.17
245.175
246.04
246.045
246.09
246.095
246.1
246.105
246.105
246.11
246.12
246.125
246.13
246.135
246.135
246.14
246.145
246.155
246.16
246.175
246.18
246.185
247.07
247.075
247.105
247.11
247.115
247.125
247.13
247.135
247.14
247.145
247.15
247.155
247.16
247.18
247.185
248.065
248.07
248.075
248.08
248.085
248.135
248.14
248.145
248.15
248.155
248.16
248.165
249.085
249.09
249.095
249.1
249.12
249.125
249.155
249.16
249.165
250.06
250.065
250.09
250.095
250.115
250.12
250.125
250.13
250.14
250.145
250.16
250.165
251.1
251.105
251.11
251.115
251.12
251.125
251.13
251.145
251.15
251.155
252.105
252.11
252.115
252.12
252.125
252.145
252.15
252.155
253.09
253.095
253.1
253.105
253.11
253.165
253.17
253.19
253.195
254.11
254.115
254.145
254.15
254.155
254.16
254.165
255.105
255.11
255.12
255.125
255.13
255.135
255.14
255.145
255.15
255.155
255.16
255.165
255.17
255.17
255.175
256.09
256.095
256.1
256.105
256.11
256.115
256.12
256.125
256.13
256.135
256.14
256.145
256.15
256.155
256.165
256.17
257.08
257.085
257.095
257.1
257.105
257.11
257.115
257.12
257.125
257.13
257.135
257.14
257.155
257.16
257.165
257.17
257.195
257.2
258.065
258.07
258.08
258.085
258.09
258.095
258.1
258.105
258.11
258.12
258.125
258.135
258.14
258.145
258.15
258.155
258.16
258.165
258.17
258.185
258.19
259.07
259.075
259.08
259.085
259.09
259.09
259.095
259.1
259.105
259.11
259.125
259.13
259.135
259.14
259.145
259.15
259.155
259.16
259.165
259.185
259.19
259.195
260.085
260.09
260.105
260.11
260.115
260.12
260.125
260.135
260.14
260.145
260.15
260.155
260.19
260.195
260.2
261.075
261.08
261.085
261.09
261.09
261.095
261.1
261.105
261.11
261.115
261.12
261.125
261.13
261.135
261.14
261.145
261.15
261.155
261.155
261.16
261.165
261.195
261.2
261.205
262.055
262.06
262.065
262.08
262.085
262.09
262.09
262.095
262.1
262.105
262.115
262.12
262.125
262.13
262.135
262.14
262.145
262.15
262.155
262.155
262.16
262.165
263.065
263.07
263.075
263.085
263.09
263.1
263.105
263.12
263.125
263.135
263.14
263.145
263.15
263.155
264.07
264.075
264.08
264.105
264.11
264.115
264.13
264.135
264.14
264.145
265.115
265.12
265.125
265.13
265.14
265.145
266.12
266.125
266.13
266.145
266.15
266.16
266.165
267.105
267.11
267.115
267.12
267.125
267.145
267.15
267.155
267.16
267.205
267.21
268.09
268.095
268.105
268.11
268.115
268.12
268.125
268.13
268.14
268.145
268.15
268.155
268.165
268.17
269.105
269.11
269.12
269.125
269.135
269.14
269.16
269.165
269.17
269.175
269.185
269.19
270.105
270.11
270.12
270.125
270.13
270.135
270.14
270.145
270.15
270.155
270.16
270.165
270.17
270.175
270.18
270.185
270.19
270.195
271.08
271.085
271.1
271.105
271.115
271.12
271.135
271.14
271.145
271.15
271.155
271.16
271.165
271.175
271.18
271.185
272.065
272.07
272.085
272.09
272.105
272.11
272.115
272.12
272.125
272.13
272.135
272.14
272.145
272.15
272.155
272.16
272.165
272.17
272.175
272.18
273.095
273.1
273.11
273.115
273.12
273.13
273.135
273.14
273.145
273.155
273.16
273.165
273.17
273.175
273.18
273.185
274.085
274.09
274.1
274.105
274.115
274.12
274.125
274.13
274.135
274.14
274.15
274.155
274.16
274.165
274.185
274.19